100
483 742
303 742
4 484
747 951
120 302
21 121
1 122
115 423
303 484
811 932
384 484
3 9
4 65
4 121
83 417
1 221
484 584
469 553
289 999
4 4
3 5
1 1000
219 317
714 846
4 742
1 10
9 109
4 584
366 778
8 221
65 484
65 221
221 943
100 1000
3 121
9 302
21 485
1 9
7 302
3 584
196 962
278 386
51 657
371 906
4 104
226 721
7 109
193 491
121 121
3 109
7 9
1 1
586 787
4 9
120 122
278 540
117 553
4 485
120 485
100 963
343 481
1 109
21 584
270 553
121 484
1 4
82 254
3 65
1 101
120 484
65 584
10 120
611 818
65 121
483 584
64 904
1 742
120 221
401 646
8 121
483 485
1 2
4 109
3 6
1 302
303 584
65 485
122 483
1 65
7 221
484 742
3 742
122 1000
1 104
3 484
3 10
120 584
242 918
93 154
1 5
